301819.824	2156032.801	171.378
301829.824	2156032.801	171.798
301839.824	2156032.801	171.798
301849.824	2156032.801	171.798
301859.824	2156032.801	171.798
301869.824	2156032.801	171.798
301879.824	2156032.801	171.378
301889.824	2156032.801	170.958
301899.824	2156032.801	170.538
301909.824	2156032.801	170.538
301919.824	2156032.801	170.118
301929.824	2156032.801	169.698
301939.824	2156032.801	169.278
301949.824	2156032.801	169.278
301959.824	2156032.801	169.278
301969.824	2156032.801	168.858
301979.824	2156032.801	168.438
301989.824	2156032.801	168.438
301999.824	2156032.801	168.018
302009.824	2156032.801	168.018
302019.824	2156032.801	167.178
302029.824	2156032.801	167.178
302039.824	2156032.801	166.758
302049.824	2156032.801	166.338
302059.824	2156032.801	165.918
302069.824	2156032.801	165.498
302079.824	2156032.801	165.078
302089.824	2156032.801	165.078
302099.824	2156032.801	164.658
302109.824	2156032.801	164.238
302119.824	2156032.801	163.818
302129.824	2156032.801	163.818
302139.824	2156032.801	163.818
302149.824	2156032.801	163.818
302159.824	2156032.801	163.398
302169.824	2156032.801	162.977
302179.824	2156032.801	162.977
302189.824	2156032.801	162.977
302199.824	2156032.801	162.557
301819.824	2156022.801	171.798
301829.824	2156022.801	171.798
301839.824	2156022.801	171.798
301849.824	2156022.801	171.798
301859.824	2156022.801	171.798
301869.824	2156022.801	171.798
301879.824	2156022.801	171.378
301889.824	2156022.801	171.378
301899.824	2156022.801	170.958
301909.824	2156022.801	170.538
301919.824	2156022.801	170.538
301929.824	2156022.801	170.118
301939.824	2156022.801	169.698
301949.824	2156022.801	169.278
301959.824	2156022.801	169.278
301969.824	2156022.801	169.278
301979.824	2156022.801	168.858
301989.824	2156022.801	168.438
301999.824	2156022.801	168.438
302009.824	2156022.801	168.018
302019.824	2156022.801	168.018
302029.824	2156022.801	167.178
302039.824	2156022.801	167.178
302049.824	2156022.801	166.758
302059.824	2156022.801	165.918
302069.824	2156022.801	165.918
302079.824	2156022.801	165.498
302089.824	2156022.801	165.078
302099.824	2156022.801	165.078
302109.824	2156022.801	164.658
302119.824	2156022.801	164.238
302129.824	2156022.801	163.818
302139.824	2156022.801	163.818
302149.824	2156022.801	163.818
302159.824	2156022.801	163.818
302169.824	2156022.801	163.398
302179.824	2156022.801	163.398
302189.824	2156022.801	163.398
302199.824	2156022.801	162.557
301819.824	2156012.801	171.798
301829.824	2156012.801	172.218
301839.824	2156012.801	172.218
301849.824	2156012.801	172.218
301859.824	2156012.801	172.218
301869.824	2156012.801	171.798
301879.824	2156012.801	171.798
301889.824	2156012.801	171.378
301899.824	2156012.801	170.958
301909.824	2156012.801	170.958
301919.824	2156012.801	170.538
301929.824	2156012.801	170.538
301939.824	2156012.801	170.118
301949.824	2156012.801	169.698
301959.824	2156012.801	169.278
301969.824	2156012.801	169.278
301979.824	2156012.801	169.278
301989.824	2156012.801	168.858
301999.824	2156012.801	168.438
302009.824	2156012.801	168.438
302019.824	2156012.801	168.018
302029.824	2156012.801	167.598
302039.824	2156012.801	167.178
302049.824	2156012.801	167.178
302059.824	2156012.801	166.338
302069.824	2156012.801	165.918
302079.824	2156012.801	165.918
302089.824	2156012.801	165.498
302099.824	2156012.801	165.078
302109.824	2156012.801	165.078
302119.824	2156012.801	164.238
302129.824	2156012.801	164.238
302139.824	2156012.801	164.238
302149.824	2156012.801	163.818
302159.824	2156012.801	163.818
302169.824	2156012.801	163.818
302179.824	2156012.801	163.818
302189.824	2156012.801	163.818
302199.824	2156012.801	163.398
301819.824	2156002.801	172.218
301829.824	2156002.801	172.218
301839.824	2156002.801	172.638
301849.824	2156002.801	172.638
301859.824	2156002.801	172.218
301869.824	2156002.801	172.218
301879.824	2156002.801	171.798
301889.824	2156002.801	171.798
301899.824	2156002.801	171.378
301909.824	2156002.801	170.958
301919.824	2156002.801	170.958
301929.824	2156002.801	170.538
301939.824	2156002.801	170.538
301949.824	2156002.801	170.118
301959.824	2156002.801	169.698
301969.824	2156002.801	169.698
301979.824	2156002.801	169.278
301989.824	2156002.801	169.278
301999.824	2156002.801	168.858
302009.824	2156002.801	168.438
302019.824	2156002.801	168.438
302029.824	2156002.801	168.018
302039.824	2156002.801	167.598
302049.824	2156002.801	167.178
302059.824	2156002.801	166.758
302069.824	2156002.801	166.338
302079.824	2156002.801	165.918
302089.824	2156002.801	165.918
302099.824	2156002.801	165.498
302109.824	2156002.801	165.078
302119.824	2156002.801	164.658
302129.824	2156002.801	164.658
302139.824	2156002.801	164.658
302149.824	2156002.801	164.238
302159.824	2156002.801	164.238
302169.824	2156002.801	164.238
302179.824	2156002.801	163.818
302189.824	2156002.801	163.818
302199.824	2156002.801	163.818
301819.824	2155992.801	172.638
301829.824	2155992.801	172.638
301839.824	2155992.801	172.638
301849.824	2155992.801	172.638
301859.824	2155992.801	172.638
301869.824	2155992.801	172.218
301879.824	2155992.801	172.218
301889.824	2155992.801	171.798
301899.824	2155992.801	171.798
301909.824	2155992.801	171.378
301919.824	2155992.801	170.958
301929.824	2155992.801	170.958
301939.824	2155992.801	170.538
301949.824	2155992.801	170.538
301959.824	2155992.801	170.118
301969.824	2155992.801	170.118
301979.824	2155992.801	169.698
301989.824	2155992.801	169.278
301999.824	2155992.801	169.278
302009.824	2155992.801	168.858
302019.824	2155992.801	168.438
302029.824	2155992.801	168.438
302039.824	2155992.801	168.018
302049.824	2155992.801	167.598
302059.824	2155992.801	167.178
302069.824	2155992.801	166.758
302079.824	2155992.801	166.338
302089.824	2155992.801	165.918
302099.824	2155992.801	165.918
302109.824	2155992.801	165.498
302119.824	2155992.801	165.078
302129.824	2155992.801	165.078
302139.824	2155992.801	165.078
302149.824	2155992.801	165.078
302159.824	2155992.801	164.658
302169.824	2155992.801	164.658
302179.824	2155992.801	164.238
302189.824	2155992.801	164.238
302199.824	2155992.801	163.818
301819.824	2155982.801	172.638
301829.824	2155982.801	172.638
301839.824	2155982.801	172.638
301849.824	2155982.801	172.638
301859.824	2155982.801	172.638
301869.824	2155982.801	172.638
301879.824	2155982.801	172.218
301889.824	2155982.801	172.218
301899.824	2155982.801	171.798
301909.824	2155982.801	171.798
301919.824	2155982.801	171.378
301929.824	2155982.801	170.958
301939.824	2155982.801	170.958
301949.824	2155982.801	170.538
301959.824	2155982.801	170.538
301969.824	2155982.801	170.538
301979.824	2155982.801	170.118
301989.824	2155982.801	169.698
301999.824	2155982.801	169.278
302009.824	2155982.801	169.278
302019.824	2155982.801	168.858
302029.824	2155982.801	168.438
302039.824	2155982.801	168.438
302049.824	2155982.801	168.018
302059.824	2155982.801	167.598
302069.824	2155982.801	167.178
302079.824	2155982.801	166.758
302089.824	2155982.801	166.338
302099.824	2155982.801	165.918
302109.824	2155982.801	165.918
302119.824	2155982.801	165.918
302129.824	2155982.801	165.498
302139.824	2155982.801	165.498
302149.824	2155982.801	165.078
302159.824	2155982.801	165.078
302169.824	2155982.801	165.078
302179.824	2155982.801	165.078
302189.824	2155982.801	164.658
302199.824	2155982.801	164.238
301819.824	2155972.801	173.479
301829.824	2155972.801	173.059
301839.824	2155972.801	173.059
301849.824	2155972.801	172.638
301859.824	2155972.801	172.638
301869.824	2155972.801	172.638
301879.824	2155972.801	172.638
301889.824	2155972.801	172.218
301899.824	2155972.801	172.218
301909.824	2155972.801	171.798
301919.824	2155972.801	171.798
301929.824	2155972.801	171.378
301939.824	2155972.801	171.378
301949.824	2155972.801	170.958
301959.824	2155972.801	170.958
301969.824	2155972.801	170.538
301979.824	2155972.801	170.538
301989.824	2155972.801	170.118
301999.824	2155972.801	169.698
302009.824	2155972.801	169.278
302019.824	2155972.801	169.278
302029.824	2155972.801	168.858
302039.824	2155972.801	168.438
302049.824	2155972.801	168.438
302059.824	2155972.801	168.018
302069.824	2155972.801	167.598
302079.824	2155972.801	167.178
302089.824	2155972.801	167.178
302099.824	2155972.801	166.758
302109.824	2155972.801	166.338
302119.824	2155972.801	165.918
302129.824	2155972.801	165.918
302139.824	2155972.801	165.918
302149.824	2155972.801	165.918
302159.824	2155972.801	165.498
302169.824	2155972.801	165.498
302179.824	2155972.801	165.078
302189.824	2155972.801	165.078
302199.824	2155972.801	165.078
301819.824	2155962.801	173.899
301829.824	2155962.801	173.899
301839.824	2155962.801	173.479
301849.824	2155962.801	173.059
301859.824	2155962.801	173.059
301869.824	2155962.801	172.638
301879.824	2155962.801	172.638
301889.824	2155962.801	172.638
301899.824	2155962.801	172.218
301909.824	2155962.801	172.218
301919.824	2155962.801	171.798
301929.824	2155962.801	171.798
301939.824	2155962.801	171.798
301949.824	2155962.801	171.378
301959.824	2155962.801	171.378
301969.824	2155962.801	170.958
301979.824	2155962.801	170.538
301989.824	2155962.801	170.538
301999.824	2155962.801	170.118
302009.824	2155962.801	169.698
302019.824	2155962.801	169.278
302029.824	2155962.801	169.278
302039.824	2155962.801	168.858
302049.824	2155962.801	168.438
302059.824	2155962.801	168.438
302069.824	2155962.801	168.438
302079.824	2155962.801	168.018
302089.824	2155962.801	167.598
302099.824	2155962.801	167.178
302109.824	2155962.801	167.178
302119.824	2155962.801	167.178
302129.824	2155962.801	166.758
302139.824	2155962.801	166.338
302149.824	2155962.801	166.338
302159.824	2155962.801	165.918
302169.824	2155962.801	165.918
302179.824	2155962.801	165.918
302189.824	2155962.801	165.498
302199.824	2155962.801	165.498
301819.824	2155952.801	174.319
301829.824	2155952.801	173.899
301839.824	2155952.801	173.899
301849.824	2155952.801	173.479
301859.824	2155952.801	173.479
301869.824	2155952.801	173.059
301879.824	2155952.801	173.059
301889.824	2155952.801	172.638
301899.824	2155952.801	172.638
301909.824	2155952.801	172.638
301919.824	2155952.801	172.218
301929.824	2155952.801	172.218
301939.824	2155952.801	171.798
301949.824	2155952.801	171.798
301959.824	2155952.801	171.798
301969.824	2155952.801	171.378
301979.824	2155952.801	170.958
301989.824	2155952.801	170.538
301999.824	2155952.801	170.538
302009.824	2155952.801	170.118
302019.824	2155952.801	169.698
302029.824	2155952.801	169.278
302039.824	2155952.801	169.278
302049.824	2155952.801	168.858
302059.824	2155952.801	168.858
302069.824	2155952.801	168.438
302079.824	2155952.801	168.438
302089.824	2155952.801	168.438
302099.824	2155952.801	168.018
302109.824	2155952.801	168.018
302119.824	2155952.801	167.598
302129.824	2155952.801	167.178
302139.824	2155952.801	167.178
302149.824	2155952.801	167.178
302159.824	2155952.801	166.758
302169.824	2155952.801	166.338
302179.824	2155952.801	166.338
302189.824	2155952.801	165.918
302199.824	2155952.801	165.918
301819.824	2155942.801	174.319
301829.824	2155942.801	174.319
301839.824	2155942.801	173.899
301849.824	2155942.801	173.899
301859.824	2155942.801	173.899
301869.824	2155942.801	173.479
301879.824	2155942.801	173.479
301889.824	2155942.801	173.059
301899.824	2155942.801	172.638
301909.824	2155942.801	172.638
301919.824	2155942.801	172.638
301929.824	2155942.801	172.638
301939.824	2155942.801	172.218
301949.824	2155942.801	172.218
301959.824	2155942.801	171.798
301969.824	2155942.801	171.798
301979.824	2155942.801	171.378
301989.824	2155942.801	170.958
301999.824	2155942.801	170.538
302009.824	2155942.801	170.118
302019.824	2155942.801	169.698
302029.824	2155942.801	169.278
302039.824	2155942.801	169.278
302049.824	2155942.801	169.278
302059.824	2155942.801	169.278
302069.824	2155942.801	169.278
302079.824	2155942.801	168.858
302089.824	2155942.801	168.858
302099.824	2155942.801	168.438
302109.824	2155942.801	168.438
302119.824	2155942.801	168.438
302129.824	2155942.801	168.018
302139.824	2155942.801	167.598
302149.824	2155942.801	167.598
302159.824	2155942.801	167.178
302169.824	2155942.801	167.178
302179.824	2155942.801	166.758
302189.824	2155942.801	166.758
302199.824	2155942.801	166.338
301819.824	2155932.801	174.739
301829.824	2155932.801	174.319
301839.824	2155932.801	174.319
301849.824	2155932.801	173.899
301859.824	2155932.801	173.899
301869.824	2155932.801	173.899
301879.824	2155932.801	173.899
301889.824	2155932.801	173.479
301899.824	2155932.801	173.479
301909.824	2155932.801	173.059
301919.824	2155932.801	173.059
301929.824	2155932.801	172.638
301939.824	2155932.801	172.638
301949.824	2155932.801	172.638
301959.824	2155932.801	172.218
301969.824	2155932.801	171.798
301979.824	2155932.801	171.798
301989.824	2155932.801	171.378
301999.824	2155932.801	170.538
302009.824	2155932.801	170.538
302019.824	2155932.801	170.118
302029.824	2155932.801	169.698
302039.824	2155932.801	169.698
302049.824	2155932.801	169.698
302059.824	2155932.801	169.278
302069.824	2155932.801	169.278
302079.824	2155932.801	169.278
302089.824	2155932.801	169.278
302099.824	2155932.801	169.278
302109.824	2155932.801	169.278
302119.824	2155932.801	168.858
302129.824	2155932.801	168.438
302139.824	2155932.801	168.438
302149.824	2155932.801	168.438
302159.824	2155932.801	168.018
302169.824	2155932.801	167.598
302179.824	2155932.801	167.178
302189.824	2155932.801	167.178
302199.824	2155932.801	167.178
301819.824	2155922.801	174.739
301829.824	2155922.801	174.739
301839.824	2155922.801	174.319
301849.824	2155922.801	174.319
301859.824	2155922.801	174.319
301869.824	2155922.801	173.899
301879.824	2155922.801	173.899
301889.824	2155922.801	173.899
301899.824	2155922.801	173.899
301909.824	2155922.801	173.479
301919.824	2155922.801	173.479
301929.824	2155922.801	173.059
301939.824	2155922.801	172.638
301949.824	2155922.801	172.638
301959.824	2155922.801	172.638
301969.824	2155922.801	172.218
301979.824	2155922.801	171.798
301989.824	2155922.801	171.378
301999.824	2155922.801	170.958
302009.824	2155922.801	170.538
302019.824	2155922.801	170.538
302029.824	2155922.801	170.118
302039.824	2155922.801	170.118
302049.824	2155922.801	170.118
302059.824	2155922.801	170.118
302069.824	2155922.801	170.118
302079.824	2155922.801	170.118
302089.824	2155922.801	169.698
302099.824	2155922.801	169.698
302109.824	2155922.801	169.698
302119.824	2155922.801	169.278
302129.824	2155922.801	169.278
302139.824	2155922.801	169.278
302149.824	2155922.801	168.858
302159.824	2155922.801	168.438
302169.824	2155922.801	168.438
302179.824	2155922.801	168.438
302189.824	2155922.801	168.018
302199.824	2155922.801	167.598
301819.824	2155912.801	175.159
301829.824	2155912.801	174.739
301839.824	2155912.801	174.739
301849.824	2155912.801	174.739
301859.824	2155912.801	174.319
301869.824	2155912.801	174.319
301879.824	2155912.801	174.319
301889.824	2155912.801	173.899
301899.824	2155912.801	173.899
301909.824	2155912.801	173.899
301919.824	2155912.801	173.899
301929.824	2155912.801	173.899
301939.824	2155912.801	173.479
301949.824	2155912.801	173.059
301959.824	2155912.801	172.638
301969.824	2155912.801	172.638
301979.824	2155912.801	172.218
301989.824	2155912.801	171.798
301999.824	2155912.801	171.378
302009.824	2155912.801	170.958
302019.824	2155912.801	170.538
302029.824	2155912.801	170.538
302039.824	2155912.801	170.538
302049.824	2155912.801	170.538
302059.824	2155912.801	170.538
302069.824	2155912.801	170.538
302079.824	2155912.801	170.538
302089.824	2155912.801	170.538
302099.824	2155912.801	170.538
302109.824	2155912.801	170.118
302119.824	2155912.801	170.118
302129.824	2155912.801	169.698
302139.824	2155912.801	169.698
302149.824	2155912.801	169.278
302159.824	2155912.801	169.278
302169.824	2155912.801	168.858
302179.824	2155912.801	168.858
302189.824	2155912.801	168.438
302199.824	2155912.801	168.438
301819.824	2155902.801	175.159
301829.824	2155902.801	175.159
301839.824	2155902.801	175.159
301849.824	2155902.801	174.739
301859.824	2155902.801	174.739
301869.824	2155902.801	174.739
301879.824	2155902.801	174.739
301889.824	2155902.801	174.739
301899.824	2155902.801	174.319
301909.824	2155902.801	174.319
301919.824	2155902.801	174.319
301929.824	2155902.801	173.899
301939.824	2155902.801	173.899
301949.824	2155902.801	173.899
301959.824	2155902.801	173.899
301969.824	2155902.801	173.059
301979.824	2155902.801	172.638
301989.824	2155902.801	172.218
301999.824	2155902.801	171.798
302009.824	2155902.801	171.798
302019.824	2155902.801	171.378
302029.824	2155902.801	171.378
302039.824	2155902.801	170.958
302049.824	2155902.801	170.958
302059.824	2155902.801	171.378
302069.824	2155902.801	171.378
302079.824	2155902.801	170.958
302089.824	2155902.801	170.958
302099.824	2155902.801	170.958
302109.824	2155902.801	170.538
302119.824	2155902.801	170.538
302129.824	2155902.801	170.538
302139.824	2155902.801	170.538
302149.824	2155902.801	170.118
302159.824	2155902.801	169.698
302169.824	2155902.801	169.698
302179.824	2155902.801	169.278
302189.824	2155902.801	169.278
302199.824	2155902.801	168.858
301819.824	2155892.801	175.159
301829.824	2155892.801	175.159
301839.824	2155892.801	175.159
301849.824	2155892.801	175.159
301859.824	2155892.801	175.159
301869.824	2155892.801	175.159
301879.824	2155892.801	175.159
301889.824	2155892.801	175.159
301899.824	2155892.801	174.739
301909.824	2155892.801	174.739
301919.824	2155892.801	174.739
301929.824	2155892.801	174.739
301939.824	2155892.801	174.319
301949.824	2155892.801	174.319
301959.824	2155892.801	174.319
301969.824	2155892.801	173.899
301979.824	2155892.801	173.899
301989.824	2155892.801	173.059
301999.824	2155892.801	172.638
302009.824	2155892.801	172.638
302019.824	2155892.801	172.638
302029.824	2155892.801	172.218
302039.824	2155892.801	172.218
302049.824	2155892.801	171.798
302059.824	2155892.801	171.798
302069.824	2155892.801	171.798
302079.824	2155892.801	171.798
302089.824	2155892.801	171.798
302099.824	2155892.801	171.798
302109.824	2155892.801	171.798
302119.824	2155892.801	171.378
302129.824	2155892.801	170.958
302139.824	2155892.801	170.958
302149.824	2155892.801	170.538
302159.824	2155892.801	170.538
302169.824	2155892.801	170.538
302179.824	2155892.801	170.118
302189.824	2155892.801	169.698
302199.824	2155892.801	169.278
301819.824	2155882.801	175.579
301829.824	2155882.801	175.579
301839.824	2155882.801	175.159
301849.824	2155882.801	175.159
301859.824	2155882.801	175.159
301869.824	2155882.801	175.159
301879.824	2155882.801	175.159
301889.824	2155882.801	175.159
301899.824	2155882.801	175.159
301909.824	2155882.801	175.159
301919.824	2155882.801	175.159
301929.824	2155882.801	175.159
301939.824	2155882.801	175.159
301949.824	2155882.801	175.159
301959.824	2155882.801	175.159
301969.824	2155882.801	174.739
301979.824	2155882.801	174.739
301989.824	2155882.801	174.319
301999.824	2155882.801	173.899
302009.824	2155882.801	173.899
302019.824	2155882.801	173.899
302029.824	2155882.801	173.479
302039.824	2155882.801	173.479
302049.824	2155882.801	173.059
302059.824	2155882.801	173.059
302069.824	2155882.801	172.638
302079.824	2155882.801	172.638
302089.824	2155882.801	172.638
302099.824	2155882.801	172.638
302109.824	2155882.801	172.218
302119.824	2155882.801	172.218
302129.824	2155882.801	171.798
302139.824	2155882.801	171.798
302149.824	2155882.801	171.378
302159.824	2155882.801	171.378
302169.824	2155882.801	170.958
302179.824	2155882.801	170.538
302189.824	2155882.801	170.538
302199.824	2155882.801	170.118
301819.824	2155872.801	175.999
301829.824	2155872.801	175.999
301839.824	2155872.801	175.579
301849.824	2155872.801	175.579
301859.824	2155872.801	175.579
301869.824	2155872.801	175.579
301879.824	2155872.801	175.579
301889.824	2155872.801	175.159
301899.824	2155872.801	175.159
301909.824	2155872.801	175.159
301919.824	2155872.801	175.159
301929.824	2155872.801	175.159
301939.824	2155872.801	175.159
301949.824	2155872.801	175.159
301959.824	2155872.801	175.159
301969.824	2155872.801	175.579
301979.824	2155872.801	175.159
301989.824	2155872.801	175.159
301999.824	2155872.801	175.159
302009.824	2155872.801	175.159
302019.824	2155872.801	175.159
302029.824	2155872.801	175.159
302039.824	2155872.801	174.739
302049.824	2155872.801	174.739
302059.824	2155872.801	174.319
302069.824	2155872.801	173.899
302079.824	2155872.801	173.899
302089.824	2155872.801	173.899
302099.824	2155872.801	173.479
302109.824	2155872.801	173.059
302119.824	2155872.801	172.638
302129.824	2155872.801	172.638
302139.824	2155872.801	172.218
302149.824	2155872.801	172.218
302159.824	2155872.801	171.798
302169.824	2155872.801	171.798
302179.824	2155872.801	171.378
302189.824	2155872.801	170.958
302199.824	2155872.801	170.538
301819.824	2155862.801	175.999
301829.824	2155862.801	175.999
301839.824	2155862.801	175.999
301849.824	2155862.801	175.999
301859.824	2155862.801	175.999
301869.824	2155862.801	175.999
301879.824	2155862.801	175.999
301889.824	2155862.801	175.579
301899.824	2155862.801	175.579
301909.824	2155862.801	175.579
301919.824	2155862.801	175.579
301929.824	2155862.801	175.579
301939.824	2155862.801	175.579
301949.824	2155862.801	175.579
301959.824	2155862.801	175.999
301969.824	2155862.801	175.999
301979.824	2155862.801	175.999
301989.824	2155862.801	175.999
301999.824	2155862.801	175.999
302009.824	2155862.801	175.999
302019.824	2155862.801	175.999
302029.824	2155862.801	175.999
302039.824	2155862.801	175.999
302049.824	2155862.801	175.999
302059.824	2155862.801	175.579
302069.824	2155862.801	175.159
302079.824	2155862.801	175.159
302089.824	2155862.801	174.739
302099.824	2155862.801	174.319
302109.824	2155862.801	173.899
302119.824	2155862.801	173.899
302129.824	2155862.801	173.479
302139.824	2155862.801	173.059
302149.824	2155862.801	172.638
302159.824	2155862.801	172.638
302169.824	2155862.801	172.218
302179.824	2155862.801	171.798
302189.824	2155862.801	171.798
302199.824	2155862.801	171.378
301819.824	2155852.801	176.419
301829.824	2155852.801	176.419
301839.824	2155852.801	176.419
301849.824	2155852.801	175.999
301859.824	2155852.801	175.999
301869.824	2155852.801	175.999
301879.824	2155852.801	175.999
301889.824	2155852.801	175.999
301899.824	2155852.801	175.999
301909.824	2155852.801	175.999
301919.824	2155852.801	175.999
301929.824	2155852.801	175.999
301939.824	2155852.801	175.999
301949.824	2155852.801	175.999
301959.824	2155852.801	175.999
301969.824	2155852.801	176.419
301979.824	2155852.801	176.419
301989.824	2155852.801	176.839
301999.824	2155852.801	176.839
302009.824	2155852.801	176.839
302019.824	2155852.801	176.839
302029.824	2155852.801	176.839
302039.824	2155852.801	176.839
302049.824	2155852.801	176.839
302059.824	2155852.801	176.839
302069.824	2155852.801	176.419
302079.824	2155852.801	175.999
302089.824	2155852.801	175.579
302099.824	2155852.801	175.159
302109.824	2155852.801	175.159
302119.824	2155852.801	174.739
302129.824	2155852.801	173.899
302139.824	2155852.801	173.899
302149.824	2155852.801	173.479
302159.824	2155852.801	173.059
302169.824	2155852.801	172.638
302179.824	2155852.801	172.638
302189.824	2155852.801	172.218
302199.824	2155852.801	171.798
301819.824	2155842.801	176.839
301829.824	2155842.801	176.839
301839.824	2155842.801	176.839
301849.824	2155842.801	176.839
301859.824	2155842.801	176.419
301869.824	2155842.801	176.419
301879.824	2155842.801	176.419
301889.824	2155842.801	175.999
301899.824	2155842.801	175.999
301909.824	2155842.801	175.999
301919.824	2155842.801	175.999
301929.824	2155842.801	175.999
301939.824	2155842.801	175.999
301949.824	2155842.801	176.419
301959.824	2155842.801	176.839
301969.824	2155842.801	176.839
301979.824	2155842.801	177.259
301989.824	2155842.801	177.259
301999.824	2155842.801	177.259
302009.824	2155842.801	177.679
302019.824	2155842.801	177.259
302029.824	2155842.801	177.259
302039.824	2155842.801	177.259
302049.824	2155842.801	177.259
302059.824	2155842.801	177.259
302069.824	2155842.801	177.259
302079.824	2155842.801	176.839
302089.824	2155842.801	176.419
302099.824	2155842.801	175.999
302109.824	2155842.801	175.579
302119.824	2155842.801	175.159
302129.824	2155842.801	175.159
302139.824	2155842.801	174.739
302149.824	2155842.801	173.899
302159.824	2155842.801	173.899
302169.824	2155842.801	173.479
302179.824	2155842.801	173.059
302189.824	2155842.801	172.638
302199.824	2155842.801	172.218
301819.824	2155832.801	177.259
301829.824	2155832.801	177.259
301839.824	2155832.801	177.259
301849.824	2155832.801	177.259
301859.824	2155832.801	177.259
301869.824	2155832.801	176.839
301879.824	2155832.801	176.839
301889.824	2155832.801	176.839
301899.824	2155832.801	176.419
301909.824	2155832.801	176.419
301919.824	2155832.801	176.419
301929.824	2155832.801	176.419
301939.824	2155832.801	176.839
301949.824	2155832.801	176.839
301959.824	2155832.801	177.259
301969.824	2155832.801	177.679
301979.824	2155832.801	177.679
301989.824	2155832.801	178.099
301999.824	2155832.801	178.099
302009.824	2155832.801	178.099
302019.824	2155832.801	178.099
302029.824	2155832.801	178.099
302039.824	2155832.801	178.099
302049.824	2155832.801	178.099
302059.824	2155832.801	177.679
302069.824	2155832.801	177.679
302079.824	2155832.801	177.259
302089.824	2155832.801	177.259
302099.824	2155832.801	176.839
302109.824	2155832.801	176.419
302119.824	2155832.801	175.999
302129.824	2155832.801	175.579
302139.824	2155832.801	175.159
302149.824	2155832.801	175.159
302159.824	2155832.801	174.739
302169.824	2155832.801	173.899
302179.824	2155832.801	173.899
302189.824	2155832.801	173.479
302199.824	2155832.801	172.638
301819.824	2155822.801	177.259
301829.824	2155822.801	177.259
301839.824	2155822.801	177.259
301849.824	2155822.801	177.259
301859.824	2155822.801	177.259
301869.824	2155822.801	177.259
301879.824	2155822.801	177.259
301889.824	2155822.801	177.259
301899.824	2155822.801	177.259
301909.824	2155822.801	177.259
301919.824	2155822.801	177.259
301929.824	2155822.801	177.259
301939.824	2155822.801	177.259
301949.824	2155822.801	177.679
301959.824	2155822.801	178.099
301969.824	2155822.801	178.099
301979.824	2155822.801	178.519
301989.824	2155822.801	178.519
301999.824	2155822.801	178.939
302009.824	2155822.801	178.939
302019.824	2155822.801	178.519
302029.824	2155822.801	178.519
302039.824	2155822.801	178.519
302049.824	2155822.801	178.099
302059.824	2155822.801	178.099
302069.824	2155822.801	178.099
302079.824	2155822.801	177.679
302089.824	2155822.801	177.259
302099.824	2155822.801	177.259
302109.824	2155822.801	177.259
302119.824	2155822.801	176.839
302129.824	2155822.801	175.999
302139.824	2155822.801	175.999
302149.824	2155822.801	175.579
302159.824	2155822.801	175.159
302169.824	2155822.801	175.159
302179.824	2155822.801	174.319
302189.824	2155822.801	173.899
302199.824	2155822.801	173.479
301819.824	2155812.801	177.679
301829.824	2155812.801	177.679
301839.824	2155812.801	177.679
301849.824	2155812.801	177.679
301859.824	2155812.801	177.679
301869.824	2155812.801	177.679
301879.824	2155812.801	177.679
301889.824	2155812.801	177.679
301899.824	2155812.801	177.679
301909.824	2155812.801	177.679
301919.824	2155812.801	178.099
301929.824	2155812.801	178.099
301939.824	2155812.801	178.099
301949.824	2155812.801	178.519
301959.824	2155812.801	178.939
301969.824	2155812.801	179.359
301979.824	2155812.801	179.359
301989.824	2155812.801	179.359
301999.824	2155812.801	179.359
302009.824	2155812.801	179.359
302019.824	2155812.801	179.359
302029.824	2155812.801	178.939
302039.824	2155812.801	178.939
302049.824	2155812.801	178.939
302059.824	2155812.801	178.519
302069.824	2155812.801	178.099
302079.824	2155812.801	178.099
302089.824	2155812.801	177.679
302099.824	2155812.801	177.679
302109.824	2155812.801	177.259
302119.824	2155812.801	177.259
302129.824	2155812.801	176.839
302139.824	2155812.801	176.419
302149.824	2155812.801	175.999
302159.824	2155812.801	175.999
302169.824	2155812.801	175.579
302179.824	2155812.801	175.159
302189.824	2155812.801	174.739
302199.824	2155812.801	173.899
301819.824	2155802.801	178.099
301829.824	2155802.801	178.099
301839.824	2155802.801	178.099
301849.824	2155802.801	178.099
301859.824	2155802.801	178.099
301869.824	2155802.801	178.099
301879.824	2155802.801	178.099
301889.824	2155802.801	178.519
301899.824	2155802.801	178.519
301909.824	2155802.801	178.939
301919.824	2155802.801	178.939
301929.824	2155802.801	179.359
301939.824	2155802.801	179.359
301949.824	2155802.801	179.779
301959.824	2155802.801	180.619
301969.824	2155802.801	180.619
301979.824	2155802.801	180.619
301989.824	2155802.801	180.619
301999.824	2155802.801	180.619
302009.824	2155802.801	180.199
302019.824	2155802.801	179.779
302029.824	2155802.801	179.359
302039.824	2155802.801	179.359
302049.824	2155802.801	179.359
302059.824	2155802.801	178.939
302069.824	2155802.801	178.519
302079.824	2155802.801	178.099
302089.824	2155802.801	178.099
302099.824	2155802.801	178.099
302109.824	2155802.801	177.679
302119.824	2155802.801	177.259
302129.824	2155802.801	177.259
302139.824	2155802.801	177.259
302149.824	2155802.801	176.839
302159.824	2155802.801	176.839
302169.824	2155802.801	175.999
302179.824	2155802.801	175.999
302189.824	2155802.801	175.159
302199.824	2155802.801	174.739
301819.824	2155792.801	178.519
301829.824	2155792.801	178.519
301839.824	2155792.801	178.519
301849.824	2155792.801	178.519
301859.824	2155792.801	178.519
301869.824	2155792.801	178.939
301879.824	2155792.801	179.359
301889.824	2155792.801	179.359
301899.824	2155792.801	179.779
301909.824	2155792.801	180.199
301919.824	2155792.801	180.619
301929.824	2155792.801	180.619
301939.824	2155792.801	181.039
301949.824	2155792.801	181.459
301959.824	2155792.801	181.459
301969.824	2155792.801	181.459
301979.824	2155792.801	181.459
301989.824	2155792.801	181.459
301999.824	2155792.801	181.039
302009.824	2155792.801	180.619
302019.824	2155792.801	180.619
302029.824	2155792.801	180.199
302039.824	2155792.801	179.779
302049.824	2155792.801	179.359
302059.824	2155792.801	178.939
302069.824	2155792.801	178.939
302079.824	2155792.801	178.519
302089.824	2155792.801	178.099
302099.824	2155792.801	178.099
302109.824	2155792.801	177.679
302119.824	2155792.801	177.679
302129.824	2155792.801	177.259
302139.824	2155792.801	177.259
302149.824	2155792.801	177.259
302159.824	2155792.801	177.259
302169.824	2155792.801	176.839
302179.824	2155792.801	176.419
302189.824	2155792.801	175.999
302199.824	2155792.801	175.159
301819.824	2155782.801	178.939
301829.824	2155782.801	178.939
301839.824	2155782.801	178.939
301849.824	2155782.801	179.359
301859.824	2155782.801	179.359
301869.824	2155782.801	179.779
301879.824	2155782.801	180.199
301889.824	2155782.801	180.619
301899.824	2155782.801	180.619
301909.824	2155782.801	181.459
301919.824	2155782.801	181.459
301929.824	2155782.801	181.879
301939.824	2155782.801	182.3
301949.824	2155782.801	182.72
301959.824	2155782.801	182.72
301969.824	2155782.801	182.72
301979.824	2155782.801	182.3
301989.824	2155782.801	181.879
301999.824	2155782.801	181.459
302009.824	2155782.801	181.459
302019.824	2155782.801	181.039
302029.824	2155782.801	180.619
302039.824	2155782.801	180.619
302049.824	2155782.801	179.779
302059.824	2155782.801	179.359
302069.824	2155782.801	179.359
302079.824	2155782.801	178.939
302089.824	2155782.801	178.519
302099.824	2155782.801	178.099
302109.824	2155782.801	178.099
302119.824	2155782.801	177.679
302129.824	2155782.801	177.679
302139.824	2155782.801	177.679
302149.824	2155782.801	177.259
302159.824	2155782.801	177.259
302169.824	2155782.801	177.259
302179.824	2155782.801	176.839
302189.824	2155782.801	175.999
302199.824	2155782.801	175.579
301819.824	2155772.801	179.359
301829.824	2155772.801	179.359
301839.824	2155772.801	179.779
301849.824	2155772.801	179.779
301859.824	2155772.801	180.199
301869.824	2155772.801	180.619
301879.824	2155772.801	180.619
301889.824	2155772.801	181.459
301899.824	2155772.801	181.459
301909.824	2155772.801	181.879
301919.824	2155772.801	182.72
301929.824	2155772.801	182.72
301939.824	2155772.801	182.72
301949.824	2155772.801	183.14
301959.824	2155772.801	183.14
301969.824	2155772.801	183.14
301979.824	2155772.801	182.72
301989.824	2155772.801	182.72
301999.824	2155772.801	182.3
302009.824	2155772.801	181.879
302019.824	2155772.801	181.459
302029.824	2155772.801	181.039
302039.824	2155772.801	180.619
302049.824	2155772.801	180.619
302059.824	2155772.801	179.779
302069.824	2155772.801	179.359
302079.824	2155772.801	179.359
302089.824	2155772.801	178.519
302099.824	2155772.801	178.519
302109.824	2155772.801	178.099
302119.824	2155772.801	178.099
302129.824	2155772.801	178.099
302139.824	2155772.801	178.099
302149.824	2155772.801	177.679
302159.824	2155772.801	177.259
302169.824	2155772.801	177.259
302179.824	2155772.801	177.259
302189.824	2155772.801	176.839
302199.824	2155772.801	175.999
301819.824	2155762.801	179.359
301829.824	2155762.801	179.779
301839.824	2155762.801	180.199
301849.824	2155762.801	180.619
301859.824	2155762.801	180.619
301869.824	2155762.801	181.039
301879.824	2155762.801	181.459
301889.824	2155762.801	181.459
301899.824	2155762.801	182.3
301909.824	2155762.801	182.72
301919.824	2155762.801	182.72
301929.824	2155762.801	183.14
301939.824	2155762.801	183.14
301949.824	2155762.801	183.14
301959.824	2155762.801	183.14
301969.824	2155762.801	183.14
301979.824	2155762.801	183.14
301989.824	2155762.801	182.72
301999.824	2155762.801	182.72
302009.824	2155762.801	182.3
302019.824	2155762.801	181.879
302029.824	2155762.801	181.459
302039.824	2155762.801	181.039
302049.824	2155762.801	180.619
302059.824	2155762.801	180.619
302069.824	2155762.801	179.779
302079.824	2155762.801	179.359
302089.824	2155762.801	178.939
302099.824	2155762.801	178.939
302109.824	2155762.801	178.519
302119.824	2155762.801	178.099
302129.824	2155762.801	178.099
302139.824	2155762.801	178.099
302149.824	2155762.801	178.099
302159.824	2155762.801	177.679
302169.824	2155762.801	177.259
302179.824	2155762.801	177.259
302189.824	2155762.801	176.839
302199.824	2155762.801	175.999
301819.824	2155752.801	180.199
301829.824	2155752.801	180.199
301839.824	2155752.801	180.619
301849.824	2155752.801	181.039
301859.824	2155752.801	181.459
301869.824	2155752.801	181.459
301879.824	2155752.801	181.879
301889.824	2155752.801	182.3
301899.824	2155752.801	182.72
301909.824	2155752.801	182.72
301919.824	2155752.801	183.14
301929.824	2155752.801	183.14
301939.824	2155752.801	183.14
301949.824	2155752.801	183.14
301959.824	2155752.801	183.56
301969.824	2155752.801	183.14
301979.824	2155752.801	183.14
301989.824	2155752.801	183.14
301999.824	2155752.801	182.72
302009.824	2155752.801	182.72
302019.824	2155752.801	182.3
302029.824	2155752.801	181.879
302039.824	2155752.801	181.459
302049.824	2155752.801	181.039
302059.824	2155752.801	180.619
302069.824	2155752.801	180.199
302079.824	2155752.801	179.359
302089.824	2155752.801	179.359
302099.824	2155752.801	178.939
302109.824	2155752.801	178.939
302119.824	2155752.801	178.519
302129.824	2155752.801	178.519
302139.824	2155752.801	178.099
302149.824	2155752.801	178.099
302159.824	2155752.801	177.679
302169.824	2155752.801	177.259
302179.824	2155752.801	177.259
302189.824	2155752.801	176.839
302199.824	2155752.801	176.419
301819.824	2155742.801	180.619
301829.824	2155742.801	180.619
301839.824	2155742.801	181.039
301849.824	2155742.801	181.459
301859.824	2155742.801	181.459
301869.824	2155742.801	181.879
301879.824	2155742.801	182.3
301889.824	2155742.801	182.72
301899.824	2155742.801	182.72
301909.824	2155742.801	182.72
301919.824	2155742.801	183.14
301929.824	2155742.801	183.14
301939.824	2155742.801	183.14
301949.824	2155742.801	183.14
301959.824	2155742.801	183.14
301969.824	2155742.801	183.14
301979.824	2155742.801	183.14
301989.824	2155742.801	183.14
301999.824	2155742.801	183.14
302009.824	2155742.801	182.72
302019.824	2155742.801	182.72
302029.824	2155742.801	181.879
302039.824	2155742.801	181.459
302049.824	2155742.801	181.459
302059.824	2155742.801	180.619
302069.824	2155742.801	180.619
302079.824	2155742.801	179.779
302089.824	2155742.801	179.359
302099.824	2155742.801	179.359
302109.824	2155742.801	178.939
302119.824	2155742.801	178.939
302129.824	2155742.801	178.099
302139.824	2155742.801	178.099
302149.824	2155742.801	178.099
302159.824	2155742.801	177.679
302169.824	2155742.801	177.259
302179.824	2155742.801	177.259
302189.824	2155742.801	177.259
302199.824	2155742.801	176.419
301819.824	2155732.801	180.619
301829.824	2155732.801	181.039
301839.824	2155732.801	181.459
301849.824	2155732.801	181.459
301859.824	2155732.801	181.879
301869.824	2155732.801	182.3
301879.824	2155732.801	182.72
301889.824	2155732.801	182.72
301899.824	2155732.801	182.72
301909.824	2155732.801	183.14
301919.824	2155732.801	183.14
301929.824	2155732.801	183.14
301939.824	2155732.801	183.14
301949.824	2155732.801	183.56
301959.824	2155732.801	183.56
301969.824	2155732.801	183.56
301979.824	2155732.801	183.56
301989.824	2155732.801	183.14
301999.824	2155732.801	183.14
302009.824	2155732.801	182.72
302019.824	2155732.801	182.72
302029.824	2155732.801	182.3
302039.824	2155732.801	181.879
302049.824	2155732.801	181.459
302059.824	2155732.801	181.039
302069.824	2155732.801	180.619
302079.824	2155732.801	180.199
302089.824	2155732.801	179.779
302099.824	2155732.801	179.359
302109.824	2155732.801	178.939
302119.824	2155732.801	178.519
302129.824	2155732.801	178.519
302139.824	2155732.801	178.099
302149.824	2155732.801	178.099
302159.824	2155732.801	178.099
302169.824	2155732.801	177.679
302179.824	2155732.801	177.259
302189.824	2155732.801	177.259
302199.824	2155732.801	176.419
301819.824	2155722.801	180.619
301829.824	2155722.801	181.459
301839.824	2155722.801	181.459
301849.824	2155722.801	181.879
301859.824	2155722.801	182.3
301869.824	2155722.801	182.3
301879.824	2155722.801	182.72
301889.824	2155722.801	182.72
301899.824	2155722.801	183.14
301909.824	2155722.801	183.14
301919.824	2155722.801	183.14
301929.824	2155722.801	183.14
301939.824	2155722.801	183.14
301949.824	2155722.801	183.56
301959.824	2155722.801	183.56
301969.824	2155722.801	183.56
301979.824	2155722.801	183.56
301989.824	2155722.801	183.14
301999.824	2155722.801	183.14
302009.824	2155722.801	182.72
302019.824	2155722.801	182.72
302029.824	2155722.801	182.3
302039.824	2155722.801	181.879
302049.824	2155722.801	181.459
302059.824	2155722.801	181.039
302069.824	2155722.801	180.619
302079.824	2155722.801	180.199
302089.824	2155722.801	179.359
302099.824	2155722.801	179.359
302109.824	2155722.801	178.939
302119.824	2155722.801	178.939
302129.824	2155722.801	178.519
302139.824	2155722.801	178.519
302149.824	2155722.801	178.099
302159.824	2155722.801	178.099
302169.824	2155722.801	177.679
302179.824	2155722.801	177.259
302189.824	2155722.801	177.259
302199.824	2155722.801	176.839
301819.824	2155712.801	181.039
301829.824	2155712.801	181.459
301839.824	2155712.801	181.879
301849.824	2155712.801	182.3
301859.824	2155712.801	182.3
301869.824	2155712.801	182.72
301879.824	2155712.801	182.72
301889.824	2155712.801	182.72
301899.824	2155712.801	183.14
301909.824	2155712.801	183.14
301919.824	2155712.801	183.14
301929.824	2155712.801	183.14
301939.824	2155712.801	183.56
301949.824	2155712.801	183.56
301959.824	2155712.801	183.56
301969.824	2155712.801	183.56
301979.824	2155712.801	183.56
301989.824	2155712.801	183.14
301999.824	2155712.801	183.14
302009.824	2155712.801	182.72
302019.824	2155712.801	182.72
302029.824	2155712.801	182.3
302039.824	2155712.801	181.879
302049.824	2155712.801	181.459
302059.824	2155712.801	181.039
302069.824	2155712.801	180.619
302079.824	2155712.801	180.619
302089.824	2155712.801	179.779
302099.824	2155712.801	179.359
302109.824	2155712.801	179.359
302119.824	2155712.801	178.939
302129.824	2155712.801	178.939
302139.824	2155712.801	178.519
302149.824	2155712.801	178.099
302159.824	2155712.801	178.099
302169.824	2155712.801	177.679
302179.824	2155712.801	177.259
302189.824	2155712.801	177.259
302199.824	2155712.801	177.259
301819.824	2155702.801	181.039
301829.824	2155702.801	181.459
301839.824	2155702.801	181.459
301849.824	2155702.801	182.3
301859.824	2155702.801	182.72
301869.824	2155702.801	182.72
301879.824	2155702.801	182.72
301889.824	2155702.801	182.72
301899.824	2155702.801	183.14
301909.824	2155702.801	183.14
301919.824	2155702.801	183.14
301929.824	2155702.801	183.14
301939.824	2155702.801	183.56
301949.824	2155702.801	183.56
301959.824	2155702.801	183.56
301969.824	2155702.801	183.56
301979.824	2155702.801	183.14
301989.824	2155702.801	183.14
301999.824	2155702.801	182.72
302009.824	2155702.801	182.72
302019.824	2155702.801	182.72
302029.824	2155702.801	182.3
302039.824	2155702.801	181.879
302049.824	2155702.801	181.459
302059.824	2155702.801	181.459
302069.824	2155702.801	180.619
302079.824	2155702.801	180.619
302089.824	2155702.801	180.199
302099.824	2155702.801	179.779
302109.824	2155702.801	179.359
302119.824	2155702.801	179.359
302129.824	2155702.801	178.939
302139.824	2155702.801	178.519
302149.824	2155702.801	178.099
302159.824	2155702.801	178.099
302169.824	2155702.801	178.099
302179.824	2155702.801	177.679
302189.824	2155702.801	177.259
302199.824	2155702.801	177.259
301819.824	2155692.801	181.039
301829.824	2155692.801	181.459
301839.824	2155692.801	181.459
301849.824	2155692.801	182.3
301859.824	2155692.801	182.72
301869.824	2155692.801	182.72
301879.824	2155692.801	182.72
301889.824	2155692.801	182.72
301899.824	2155692.801	183.14
301909.824	2155692.801	183.14
301919.824	2155692.801	183.14
301929.824	2155692.801	183.14
301939.824	2155692.801	183.14
301949.824	2155692.801	183.56
301959.824	2155692.801	183.14
301969.824	2155692.801	183.14
301979.824	2155692.801	183.14
301989.824	2155692.801	183.14
301999.824	2155692.801	182.72
302009.824	2155692.801	182.72
302019.824	2155692.801	182.72
302029.824	2155692.801	182.3
302039.824	2155692.801	181.879
302049.824	2155692.801	181.459
302059.824	2155692.801	181.039
302069.824	2155692.801	180.619
302079.824	2155692.801	180.619
302089.824	2155692.801	180.199
302099.824	2155692.801	179.779
302109.824	2155692.801	179.359
302119.824	2155692.801	179.359
302129.824	2155692.801	178.939
302139.824	2155692.801	178.939
302149.824	2155692.801	178.519
302159.824	2155692.801	178.099
302169.824	2155692.801	178.099
302179.824	2155692.801	177.679
302189.824	2155692.801	177.679
302199.824	2155692.801	177.679
301819.824	2155682.801	181.039
301829.824	2155682.801	181.459
301839.824	2155682.801	181.459
301849.824	2155682.801	182.3
301859.824	2155682.801	182.72
301869.824	2155682.801	182.72
301879.824	2155682.801	182.72
301889.824	2155682.801	182.72
301899.824	2155682.801	183.14
301909.824	2155682.801	183.14
301919.824	2155682.801	183.14
301929.824	2155682.801	183.14
301939.824	2155682.801	183.14
301949.824	2155682.801	183.14
301959.824	2155682.801	183.14
301969.824	2155682.801	183.14
301979.824	2155682.801	182.72
301989.824	2155682.801	182.72
301999.824	2155682.801	182.72
302009.824	2155682.801	182.72
302019.824	2155682.801	182.3
302029.824	2155682.801	181.879
302039.824	2155682.801	181.459
302049.824	2155682.801	181.459
302059.824	2155682.801	181.039
302069.824	2155682.801	180.619
302079.824	2155682.801	180.619
302089.824	2155682.801	180.199
302099.824	2155682.801	179.779
302109.824	2155682.801	179.359
302119.824	2155682.801	179.359
302129.824	2155682.801	179.359
302139.824	2155682.801	178.939
302149.824	2155682.801	178.519
302159.824	2155682.801	178.099
302169.824	2155682.801	178.099
302179.824	2155682.801	178.099
302189.824	2155682.801	178.099
302199.824	2155682.801	177.679
301819.824	2155672.801	181.039
301829.824	2155672.801	181.459
301839.824	2155672.801	181.459
301849.824	2155672.801	181.879
301859.824	2155672.801	182.72
301869.824	2155672.801	182.72
301879.824	2155672.801	182.72
301889.824	2155672.801	182.72
301899.824	2155672.801	182.72
301909.824	2155672.801	182.72
301919.824	2155672.801	182.72
301929.824	2155672.801	182.72
301939.824	2155672.801	182.72
301949.824	2155672.801	182.72
301959.824	2155672.801	182.72
301969.824	2155672.801	182.72
301979.824	2155672.801	182.72
301989.824	2155672.801	182.72
301999.824	2155672.801	182.72
302009.824	2155672.801	182.3
302019.824	2155672.801	181.879
302029.824	2155672.801	181.459
302039.824	2155672.801	181.459
302049.824	2155672.801	181.039
302059.824	2155672.801	181.039
302069.824	2155672.801	180.619
302079.824	2155672.801	180.619
302089.824	2155672.801	180.199
302099.824	2155672.801	179.779
302109.824	2155672.801	179.779
302119.824	2155672.801	179.359
302129.824	2155672.801	179.359
302139.824	2155672.801	179.359
302149.824	2155672.801	178.939
302159.824	2155672.801	178.519
302169.824	2155672.801	178.099
302179.824	2155672.801	178.099
302189.824	2155672.801	177.679
302199.824	2155672.801	178.099
301819.824	2155662.801	180.619
301829.824	2155662.801	181.039
301839.824	2155662.801	181.459
301849.824	2155662.801	181.459
301859.824	2155662.801	182.72
301869.824	2155662.801	182.72
301879.824	2155662.801	182.72
301889.824	2155662.801	182.72
301899.824	2155662.801	182.72
301909.824	2155662.801	182.72
301919.824	2155662.801	182.72
301929.824	2155662.801	182.72
301939.824	2155662.801	182.72
301949.824	2155662.801	182.72
301959.824	2155662.801	182.72
301969.824	2155662.801	182.72
301979.824	2155662.801	182.72
301989.824	2155662.801	182.72
301999.824	2155662.801	182.3
302009.824	2155662.801	181.879
302019.824	2155662.801	181.459
302029.824	2155662.801	181.459
302039.824	2155662.801	181.459
302049.824	2155662.801	181.039
302059.824	2155662.801	180.619
302069.824	2155662.801	180.619
302079.824	2155662.801	180.199
302089.824	2155662.801	180.199
302099.824	2155662.801	179.779
302109.824	2155662.801	179.779
302119.824	2155662.801	179.359
302129.824	2155662.801	179.359
302139.824	2155662.801	178.939
302149.824	2155662.801	178.939
302159.824	2155662.801	178.519
302169.824	2155662.801	178.099
302179.824	2155662.801	178.099
302189.824	2155662.801	178.099
302199.824	2155662.801	177.679
